18 17 9 8
2199 1783 1766 2162 2846 2844 0 0 0 0 0 0 0 0 1826 2200 2558
1735 1963 2364 2511 1910 1805 6 7 8 9 10 11 12 13 2266 2812 1031
1915 2426 2729 1026 1095 1346 12 14 16 18 20 22 24 26 2911 2403 2159
2882 1650 2682 1240 2849 1465 18 21 24 27 30 33 36 39 2006 2010 1311
1849 2836 2511 1407 1570 1474 24 28 32 36 40 44 48 52 2770 1081 2384
0 5 10 15 20 25 30 35 40 45 50 55 60 65 70 75 80
0 6 12 18 24 30 36 42 48 54 60 66 72 78 84 90 96
0 7 14 21 28 35 42 49 56 63 70 77 84 91 98 105 112
0 8 16 24 32 40 48 56 64 72 80 88 96 104 112 120 128
0 9 18 27 36 45 54 63 72 81 90 99 108 117 126 135 144
0 10 20 30 40 50 60 70 80 90 100 110 120 130 140 150 160
0 11 22 33 44 55 66 77 88 99 110 121 132 143 154 165 176
0 12 24 36 48 60 72 84 96 108 120 132 144 156 168 180 192
0 13 26 39 52 65 78 91 104 117 130 143 156 169 182 195 208
1575 2346 2195 1605 1261 1621 84 98 112 126 140 154 168 182 1334 1286 1716
1679 1197 1118 2837 1078 1768 90 105 120 135 150 165 180 195 2519 1317 1616
2984 2322 2626 1294 1170 2461 96 112 128 144 160 176 192 208 2804 1576 1030
1278 1346 1110 2661 1920 2456 102 119 136 153 170 187 204 221 1855 2524 2717
