18 18 9 9
1107 1081 0 0 0 0 0 0 0 0 0 1055 1106 1025 1054 1025 1037 1008
0 1 2 3 4 5 6 7 8 9 10 11 12 13 14 15 16 17
0 2 4 6 8 10 12 14 16 18 20 22 24 26 28 30 32 34
0 3 6 9 12 15 18 21 24 27 30 33 36 39 42 45 48 51
0 4 8 12 16 20 24 28 32 36 40 44 48 52 56 60 64 68
0 5 10 15 20 25 30 35 40 45 50 55 60 65 70 75 80 85
0 6 12 18 24 30 36 42 48 54 60 66 72 78 84 90 96 102
0 7 14 21 28 35 42 49 56 63 70 77 84 91 98 105 112 119
0 8 16 24 32 40 48 56 64 72 80 88 96 104 112 120 128 136
0 9 18 27 36 45 54 63 72 81 90 99 108 117 126 135 144 153
1007 1083 20 30 40 50 60 70 80 90 100 1083 1039 1070 1010 1069 1025 1094
1044 1072 22 33 44 55 66 77 88 99 110 1028 1035 1107 1077 1016 1053 1059
1071 1078 24 36 48 60 72 84 96 108 120 1107 1063 1073 1076 1007 1068 1101
1060 1092 26 39 52 65 78 91 104 117 130 1026 1068 1099 1109 1039 1027 1068
1049 1096 28 42 56 70 84 98 112 126 140 1093 1031 1029 1054 1059 1063 1049
1025 1078 30 45 60 75 90 105 120 135 150 1102 1084 1037 1068 1079 1100 1030
1044 1106 32 48 64 80 96 112 128 144 160 1098 1033 1055 1079 1059 1011 1066
1056 1049 34 51 68 85 102 119 136 153 170 1093 1012 1097 1077 1105 1017 1105
